[0.18811881188118812, 0.2079207920792079, 0.0297029702970297, 0.0, 0.15841584158415842, 0.0, 0.0594059405940594, 0.0, 0.009900990099009901, 0.2079207920792079, 0.0, 0.019801980198019802, 0.0, 0.019801980198019802, 0.0594059405940594, 0.039603960396039604, 0.0, 0.0, 0.0, 0.0, 0.0, 0.0, 0.0, 0.0, 0.0, 0.0]
[0.07614213197969542, 0.40609137055837563, 0.04060913705583756, 0.01015228426395939, 0.11675126903553298, 0.01015228426395939, 0.025380710659898477, 0.005076142131979695, 0.0, 0.17766497461928932, 0.005076142131979695, 0.0, 0.005076142131979695, 0.04060913705583756, 0.025380710659898477, 0.01015228426395939, 0.0, 0.01015228426395939, 0.02030456852791878, 0.01015228426395939, 0.0, 0.0, 0.005076142131979695, 0.0, 0.0, 0.0]
[0.022727272727272728, 0.11363636363636365, 0.18181818181818182, 0.0, 0.09090909090909091, 0.0, 0.06818181818181818, 0.11363636363636365, 0.0, 0.13636363636363635, 0.0, 0.09090909090909091, 0.022727272727272728, 0.13636363636363635, 0.0, 0.022727272727272728, 0.0, 0.0, 0.0, 0.0, 0.0, 0.0, 0.0, 0.0, 0.0, 0.0]
[0.0, 0.3333333333333333, 0.0, 0.041666666666666664, 0.041666666666666664, 0.041666666666666664, 0.0, 0.0, 0.041666666666666664, 0.20833333333333331, 0.25, 0.0, 0.0, 0.0, 0.041666666666666664, 0.0, 0.0, 0.0, 0.0, 0.0, 0.0, 0.0, 0.0, 0.0, 0.0, 0.0]
[0.07792207792207792, 0.18181818181818182, 0.06060606060606061, 0.0, 0.1471861471861472, 0.008658008658008658, 0.012987012987012988, 0.021645021645021644, 0.004329004329004329, 0.26406926406926406, 0.012987012987012988, 0.008658008658008658, 0.012987012987012988, 0.012987012987012988, 0.017316017316017316, 0.008658008658008658, 0.03896103896103896, 0.030303030303030304, 0.03463203463203463, 0.017316017316017316, 0.021645021645021644, 0.004329004329004329, 0.0, 0.0, 0.0, 0.0]
[0.0, 0.13043478260869565, 0.0, 0.2608695652173913, 0.0, 0.0, 0.0, 0.0, 0.13043478260869565, 0.08695652173913043, 0.13043478260869565, 0.0, 0.0, 0.0, 0.0, 0.0, 0.0, 0.0, 0.21739130434782608, 0.043478260869565216, 0.0, 0.0, 0.0, 0.0, 0.0, 0.0]
[0.024242424242424242, 0.07878787878787878, 0.06666666666666667, 0.0, 0.030303030303030304, 0.0, 0.07878787878787878, 0.048484848484848485, 0.0, 0.06666666666666667, 0.0, 0.01818181818181818, 0.06666666666666667, 0.1393939393939394, 0.012121212121212121, 0.01818181818181818, 0.06060606060606061, 0.12727272727272726, 0.05454545454545454, 0.01818181818181818, 0.024242424242424242, 0.06666666666666667, 0.0, 0.0, 0.0, 0.0]
[0.06896551724137931, 0.034482758620689655, 0.24137931034482757, 0.0, 0.0, 0.0, 0.24137931034482757, 0.034482758620689655, 0.0, 0.06896551724137931, 0.0, 0.0, 0.0, 0.10344827586206896, 0.0, 0.10344827586206896, 0.0, 0.0, 0.0, 0.0, 0.06896551724137931, 0.034482758620689655, 0.0, 0.0, 0.0, 0.0]
[0.0, 0.08333333333333333, 0.0, 0.0, 0.08333333333333333, 0.08333333333333333, 0.0, 0.0, 0.16666666666666666, 0.08333333333333333, 0.08333333333333333, 0.0, 0.0, 0.0, 0.16666666666666666, 0.0, 0.0, 0.0, 0.25, 0.0, 0.0, 0.0, 0.0, 0.0, 0.0, 0.0]
[0.06358381502890173, 0.34393063583815026, 0.005780346820809248, 0.0, 0.08092485549132948, 0.0, 0.005780346820809248, 0.023121387283236993, 0.005780346820809248, 0.37283236994219654, 0.005780346820809248, 0.023121387283236993, 0.0, 0.0, 0.008670520231213872, 0.0, 0.005780346820809248, 0.011560693641618497, 0.023121387283236993, 0.011560693641618497, 0.002890173410404624, 0.005780346820809248, 0.0, 0.0, 0.0, 0.0]
[0.0, 0.12, 0.0, 0.64, 0.0, 0.0, 0.0, 0.0, 0.04, 0.0, 0.0, 0.0, 0.0, 0.0, 0.08, 0.0, 0.0, 0.0, 0.12, 0.0, 0.0, 0.0, 0.0, 0.0, 0.0, 0.0]
[0.027777777777777776, 0.1111111111111111, 0.19444444444444442, 0.0, 0.3055555555555555, 0.0, 0.08333333333333333, 0.027777777777777776, 0.0, 0.05555555555555555, 0.0, 0.05555555555555555, 0.027777777777777776, 0.1111111111111111, 0.0, 0.0, 0.0, 0.0, 0.0, 0.0, 0.0, 0.0, 0.0, 0.0, 0.0, 0.0]
[0.0392156862745098, 0.1568627450980392, 0.13725490196078433, 0.0, 0.0784313725490196, 0.0, 0.0392156862745098, 0.0196078431372549, 0.0, 0.13725490196078433, 0.0, 0.058823529411764705, 0.0, 0.0196078431372549, 0.0196078431372549, 0.0, 0.0196078431372549, 0.1764705882352941, 0.0, 0.0392156862745098, 0.0196078431372549, 0.0196078431372549, 0.0, 0.0196078431372549, 0.0, 0.0]
[0.0321285140562249, 0.03614457831325301, 0.09638554216867469, 0.0, 0.01606425702811245, 0.0, 0.11244979919678713, 0.028112449799196783, 0.0, 0.08835341365461846, 0.0, 0.040160642570281124, 0.0321285140562249, 0.393574297188755, 0.0, 0.01606425702811245, 0.004016064257028112, 0.05220883534136546, 0.0, 0.040160642570281124, 0.008032128514056224, 0.004016064257028112, 0.0, 0.0, 0.0, 0.0]
[0.0, 0.3484848484848485, 0.0, 0.015151515151515152, 0.045454545454545456, 0.030303030303030304, 0.0, 0.0, 0.030303030303030304, 0.10606060606060606, 0.030303030303030304, 0.045454545454545456, 0.0, 0.0, 0.0, 0.0, 0.0, 0.015151515151515152, 0.3181818181818182, 0.015151515151515152, 0.0, 0.0, 0.0, 0.0, 0.0, 0.0]
[0.01904761904761905, 0.08571428571428572, 0.01904761904761905, 0.0, 0.0, 0.0, 0.06666666666666668, 0.05714285714285715, 0.0, 0.08571428571428572, 0.0, 0.01904761904761905, 0.009523809523809525, 0.06666666666666668, 0.028571428571428574, 0.0380952380952381, 0.09523809523809525, 0.10476190476190478, 0.0380952380952381, 0.028571428571428574, 0.06666666666666668, 0.17142857142857143, 0.0, 0.0, 0.0, 0.0]
[0.0, 0.21621621621621623, 0.0, 0.0, 0.0, 0.0, 0.0, 0.05405405405405406, 0.0, 0.21621621621621623, 0.0, 0.13513513513513514, 0.0, 0.02702702702702703, 0.0, 0.0, 0.08108108108108109, 0.02702702702702703, 0.0, 0.21621621621621623, 0.0, 0.02702702702702703, 0.0, 0.0, 0.0, 0.0]
[0.0, 0.05952380952380952, 0.09523809523809523, 0.0, 0.0, 0.0, 0.011904761904761904, 0.13095238095238093, 0.0, 0.07142857142857142, 0.0, 0.03571428571428571, 0.03571428571428571, 0.2857142857142857, 0.0, 0.023809523809523808, 0.0, 0.07142857142857142, 0.03571428571428571, 0.10714285714285714, 0.03571428571428571, 0.0, 0.0, 0.0, 0.0, 0.0]
[0.043478260869565216, 0.25, 0.0, 0.021739130434782608, 0.07608695652173914, 0.010869565217391304, 0.010869565217391304, 0.010869565217391304, 0.05434782608695652, 0.13043478260869565, 0.021739130434782608, 0.0, 0.021739130434782608, 0.0, 0.06521739130434782, 0.0, 0.0, 0.021739130434782608, 0.22826086956521738, 0.021739130434782608, 0.0, 0.010869565217391304, 0.0, 0.0, 0.0, 0.0]
[0.05263157894736842, 0.05263157894736842, 0.14035087719298245, 0.0, 0.10526315789473684, 0.0, 0.05263157894736842, 0.0, 0.0, 0.08771929824561403, 0.017543859649122806, 0.0, 0.22807017543859648, 0.10526315789473684, 0.017543859649122806, 0.017543859649122806, 0.017543859649122806, 0.0, 0.017543859649122806, 0.07017543859649122, 0.0, 0.017543859649122806, 0.0, 0.0, 0.0, 0.0]
[0.01282051282051282, 0.10256410256410256, 0.07692307692307693, 0.0, 0.02564102564102564, 0.0, 0.05128205128205128, 0.02564102564102564, 0.0, 0.08974358974358974, 0.0, 0.0, 0.038461538461538464, 0.02564102564102564, 0.0, 0.0, 0.05128205128205128, 0.11538461538461538, 0.038461538461538464, 0.0641025641025641, 0.02564102564102564, 0.2564102564102564, 0.0, 0.0, 0.0, 0.0]
[0.0, 0.1794871794871795, 0.0641025641025641, 0.0, 0.02564102564102564, 0.0, 0.02564102564102564, 0.15384615384615385, 0.0, 0.05128205128205128, 0.0, 0.0, 0.05128205128205128, 0.0641025641025641, 0.0, 0.01282051282051282, 0.038461538461538464, 0.0, 0.01282051282051282, 0.05128205128205128, 0.01282051282051282, 0.2564102564102564, 0.0, 0.0, 0.0, 0.0]
[0, 0, 0, 0, 0, 0, 0, 0, 0, 0, 0, 0, 0, 0, 0, 0, 0, 0, 0, 0, 0, 0, 0, 0, 0, 0]
[0, 0, 0, 0, 0, 0, 0, 0, 0, 0, 0, 0, 0, 0, 0, 0, 0, 0, 0, 0, 0, 0, 0, 0, 0, 0]
[0, 0, 0, 0, 0, 0, 0, 0, 0, 0, 0, 0, 0, 0, 0, 0, 0, 0, 0, 0, 0, 0, 0, 0, 0, 0]
[0, 0, 0, 0, 0, 0, 0, 0, 0, 0, 0, 0, 0, 0, 0, 0, 0, 0, 0, 0, 0, 0, 0, 0, 0, 0]
